---
poses:
- x: -59.0
  y: 59.0
  heading: -0.8726646259971648
- x: -30.0
  y: -32.0
  heading: -0.8726646259971648
- x: 30.0
  y: -52.0
  heading: 0.0
constraints:
  maximumVelocity: 25.0
  maximumAcceleration: 40.0
  maximumAngularVelocity: 3.141592653589793
  maximumAngularAcceleration: 6.283185307179586
resolution: 250
